0 0.232068 0.498101 0.107173 0.153165
0 0.290717 0.324684 0.106329 0.137975
0 0.716034 0.360759 0.087764 0.124051
0 0.851055 0.346203 0.133333 0.168354
0 0.550211 0.480380 0.076793 0.102532
0 0.447679 0.471519 0.081013 0.122785
0 0.386076 0.408228 0.084388 0.102532
0 0.530802 0.682278 0.073418 0.101266
0 0.729958 0.694937 0.120675 0.162025
0 0.050844 0.617089 0.101688 0.137975
0 0.526582 0.200633 0.102110 0.132911
0 0.634599 0.255696 0.086920 0.121519
0 0.679747 0.105696 0.094515 0.117722
0 0.501266 0.417089 0.078481 0.087342
0 0.602954 0.351266 0.118143 0.130380
0 0.371308 0.284177 0.080169 0.102532
0 0.492827 0.611392 0.090295 0.118987
0 0.764135 0.492405 0.124895 0.174684
0 0.684388 0.556962 0.085232 0.146835
0 0.610127 0.468987 0.063291 0.092405
0 0.399156 0.534810 0.073418 0.092405
0 0.207173 0.593671 0.092827 0.118987