0 0.505907 0.630380 0.214346 0.162025
0 0.090506 0.299367 0.181012 0.153165
0 0.639241 0.361392 0.217722 0.165823
0 0.276371 0.629747 0.177215 0.135443
0 0.286498 0.142405 0.221097 0.112658
0 0.912025 0.583544 0.175949 0.151899
0 0.734599 0.582278 0.165401 0.136709
0 0.220675 0.852532 0.237975 0.193671
0 0.661181 0.824684 0.167089 0.117722
0 0.248523 0.368987 0.212658 0.100000
0 0.797046 0.355063 0.165401 0.143038
0 0.256118 0.498101 0.167089 0.100000
0 0.134599 0.164557 0.183966 0.098734
0 0.397046 0.814557 0.192405 0.122785
0 0.607173 0.926582 0.227848 0.139241
0 0.828270 0.877215 0.234599 0.154430
0 0.926160 0.728481 0.143460 0.110127
0 0.745570 0.080380 0.244726 0.160759
0 0.073629 0.462025 0.147257 0.116456
0 0.808017 0.218987 0.173840 0.116456
0 0.543882 0.184810 0.195781 0.111392
0 0.502532 0.102532 0.187342 0.078481