0 0.251640 0.108228 0.246464 0.143038
0 0.542657 0.050633 0.244568 0.091139
0 0.511375 0.226582 0.291965 0.172152
0 0.299037 0.230380 0.193380 0.131646
0 0.308516 0.355063 0.250256 0.143038
0 0.442176 0.424051 0.229401 0.149367
0 0.746464 0.348734 0.216130 0.148101
0 0.804289 0.451899 0.195276 0.103797
0 0.834623 0.745570 0.229401 0.154430
0 0.812820 0.875316 0.200963 0.140506
0 0.631764 0.854430 0.240777 0.146835
0 0.534126 0.776582 0.200963 0.135443
0 0.371080 0.820253 0.204755 0.108861
0 0.599534 0.667722 0.168733 0.097468
0 0.137887 0.705063 0.128920 0.093671
0 0.199503 0.806329 0.134607 0.096203
0 0.110397 0.855696 0.123232 0.083544